-0.125565506639 0.266839025367 1
-0.142961127633 0.16471255778 2
-0.00403224156348 -0.145506594992 1
-0.237500947025 0.172170281999 1
-0.227674535345 0.349506430818 1
-0.167496458876 -0.00679547195705 1
-0.0600868215728 0.0364040302777 1
-0.120885802577 0.0961045314272 1
-0.262172087506 0.377537434284 1
-0.0465783591279 -0.116833034931 1
0.713737491415 0.22363510288 0
-0.081487777007 0.126209028933 1
-0.0267429707734 -0.170463306067 1
-0.20193438985 0.374964182628 1
-0.088561122855 0.106193196762 2
-0.0565105312325 -0.142280258069 2
-0.0377154041189 -0.224989653936 3
0.00310599748887 -0.21564859537 2
0.0860394509604 -0.240666171029 3
0.0251118307447 -0.277035277472 3
0.00173926724731 -0.365328371305 3
-0.0383537445573 0.180183403682 2
0.057264752991 -0.148439803129 2
-0.0204347272166 -0.355171105134 3
-0.10024614688 -0.324885294851 3
-0.14422281862 0.144436225622 2
-0.0976983431742 0.0988676631158 2
-0.0575820801035 -0.1145196952 2
0.443045044107 0.113597731117 0
-0.0334871950938 -0.149097421352 1
0.265155587894 0.0324615834117 0
0.0401257174647 -0.089009708385 2
0.744605999032 0.222847353073 0
